0 0.287818846875 0.34904077187500004 0.2734375 0.28433476406249997 0.244261475 0.3098594421875 0.2597109375 0.377625 0.287818846875 0.34904077187500004
0 0.3740756828125 0.28834442031249996 0.3434245609375 0.3129468890625 0.3531391609375 0.3769334765625 0.38173999062499997 0.3517162015625 0.3740756828125 0.28834442031249996
0 0.5193388671875 0.265967275 0.49238989218749996 0.2748218890625 0.4961474609375 0.3413857296875 0.52265649375 0.3265037546875 0.5193388671875 0.265967275
0 0.6387487796875 0.1287027890625 0.615279540625 0.129126609375 0.613740234375 0.1810498921875 0.64160546875 0.1822752140625 0.6387487796875 0.1287027890625
0 0.6271174312500001 0.2973760734375 0.5970087890625 0.30816738125 0.6015090328125 0.3692634125 0.6304697265625 0.3566024671875 0.6271174312500001 0.2973760734375
0 0.6183176265625 0.48415236093749997 0.613626465625 0.54055633125 0.6354619140625 0.55066094375 0.6418833015625001 0.49613519375 0.6183176265625 0.48415236093749997
0 0.6540468749999999 0.7906287546875 0.6287473140625 0.7910230687500001 0.628868896875 0.8469350859375 0.65717578125 0.8445359437500001 0.6540468749999999 0.7906287546875
0 0.7807038578125 0.793205471875 0.78389819375 0.8563492484375 0.8108972171875 0.8533353 0.80657836875 0.7948165234375 0.7807038578125 0.793205471875
0 0.48447949218749997 0.6400584765625 0.46300268593749994 0.6440305796875 0.46715185625 0.706715665625 0.493292725 0.6984206015625001 0.48447949218749997 0.6400584765625
0 0.42626831093749995 0.686238734375 0.39894140624999996 0.67653648125 0.3977512203125 0.737047746875 0.42102758749999997 0.7432065453125001 0.42626831093749995 0.686238734375
0 0.987056884375 0.47293723125 0.9709282234375 0.5104098718750001 0.98735546875 0.5600536484374999 0.999755859375 0.5134104078124999 0.987056884375 0.47293723125
0 0.2460336921875 0.8177719953125001 0.25551220625000004 0.8753181328125 0.2822465828125 0.8517038625 0.27085839843750004 0.789215665625 0.2460336921875 0.8177719953125001