0 0.233564453125 0.1883202796875 0.2091472171875 0.214592275 0.21861718749999998 0.28223927031249996 0.249662353125 0.24452467812499998 0.233564453125 0.1883202796875
0 0.32520922812499997 0.160015021875 0.2970378421875 0.1984978546875 0.309801025 0.2572870171875 0.33481274375000003 0.229652896875 0.32520922812499997 0.160015021875
0 0.253915771875 0.6641255359375 0.2286784671875 0.6938481765625 0.24104760781249998 0.750577253125 0.2653598625 0.7221185625000001 0.253915771875 0.6641255359375
0 0.40435473593750004 0.548034334375 0.3694660640625 0.5472102999999999 0.3747463375 0.6133760734375 0.399392334375 0.6133760734375 0.40435473593750004 0.548034334375
0 0.4549152828125 0.059012875 0.46219506875 0.1299989265625 0.4907512203125 0.10689806875 0.4845588375 0.052760729687499994 0.4549152828125 0.059012875
0 0.5871835937500001 0.1977296140625 0.5607097171875 0.1984978546875 0.56358984375 0.258320815625 0.590454834375 0.2522435625 0.5871835937500001 0.1977296140625
0 0.5607097171875 0.3129468890625 0.5575053703124999 0.37812821875 0.5837980953125 0.37993723125 0.5861918937499999 0.3206587984375 0.5607097171875 0.3129468890625
0 0.4626020515625 0.54388519375 0.4378254390625 0.5472102999999999 0.4390588375 0.6117483906250001 0.4646713875 0.5989232828125 0.4626020515625 0.54388519375
0 0.61613720625 0.6110992484375 0.5866306156250001 0.6110992484375 0.585947021875 0.6697483906249999 0.61613720625 0.6681212453125001 0.61613720625 0.6110992484375
0 0.508454590625 0.8700976390624999 0.4843425296875 0.886659871875 0.48521045 0.9517430250000001 0.517390625 0.93620064375 0.508454590625 0.8700976390624999
0 0.7777626953125 0.6259570812499999 0.7454426265625 0.6348353 0.7555581046875 0.6982982828125001 0.78255029375 0.692982296875 0.7777626953125 0.6259570812499999