0 0.27089111250000003 0.297097103125 0.24169921875 0.3308299359375 0.255228759375 0.3931325109375 0.28464306562499997 0.3634168453125 0.27089111250000003 0.297097103125
0 0.2678647453125 0.8097575109375 0.2433269046875 0.83512178125 0.2512487796875 0.9009522531249999 0.28069189375 0.871697425 0.2678647453125 0.8097575109375
0 0.3662045890625 0.3113685625 0.3377277828125 0.32725321875 0.3481770015625 0.39246190937500003 0.3777473140625 0.368034334375 0.3662045890625 0.3113685625
0 0.4274909671875 0.7050182406250001 0.3963215328125 0.6974248921874999 0.3901101078125 0.7631437765625 0.425310059375 0.7589527890625 0.4274909671875 0.7050182406250001
0 0.5179597171875 0.2773771453125 0.4866535640625 0.28433476406249997 0.49370141562500003 0.35581652343750003 0.5221748046875 0.347567059375 0.5179597171875 0.2773771453125
0 0.48935253906250004 0.649735515625 0.4597980953125 0.656294528125 0.464372559375 0.7267918453125 0.49061132812499997 0.7169002140625 0.48935253906250004 0.649735515625
0 0.6218527828125 0.305241953125 0.5924479984375 0.3165236046875 0.59983569375 0.3926158796875 0.629053221875 0.3746984984375 0.6218527828125 0.305241953125
0 0.6087238765625 0.1448497859375 0.6109809562499999 0.20512017187499998 0.6389777828125001 0.204093346875 0.6372324218750001 0.13992489218749998 0.6087238765625 0.1448497859375
0 0.615104003125 0.49488948437499997 0.60968725625 0.5531689921875 0.6348322750000001 0.566804184375 0.6419404296875 0.50968455 0.615104003125 0.49488948437499997
0 0.77880859375 0.802932940625 0.7822958984375 0.878452253125 0.81259399375 0.878452253125 0.807542725 0.7997054718750001 0.77880859375 0.802932940625
0 0.6541887203125001 0.8073197421874999 0.6275812984375 0.8085139484375 0.6275305171875 0.8661228546874999 0.6541887203125001 0.8666400218750001 0.6541887203125001 0.8073197421874999