0 0.2401691890625 0.1830600859375 0.21797631874999998 0.21412821875 0.2301684578125 0.2584248921875 0.254060059375 0.230142703125 0.2401691890625 0.1830600859375
0 0.3306494140625 0.15884012812499998 0.30575756875 0.18463412031249998 0.3181257328125 0.23811534375 0.3410317375 0.21144635156249997 0.3306494140625 0.15884012812499998
0 0.49059790000000003 0.044432403125 0.463333984375 0.0578084765625 0.46863256875000003 0.1100552578125 0.49570874062500003 0.0983792921875 0.49059790000000003 0.044432403125
0 0.5934484859375 0.193567596875 0.56962109375 0.19632564375 0.570064453125 0.24570547187499997 0.59678100625 0.2424613734375 0.5934484859375 0.193567596875
0 0.2750598140625 0.714642703125 0.2670344234375 0.6514281109375 0.2458176265625 0.673307403125 0.23348437500000002 0.6884742484374999 0.251015625 0.732692596875 0.2750598140625 0.714642703125
0 0.4082629390625 0.539491953125 0.377396240625 0.5407033265625001 0.3772958984375 0.5998884125 0.40966650312499997 0.5998884125 0.4082629390625 0.539491953125
0 0.47239379843749996 0.5338293984375 0.4430629890625 0.5324104078125 0.44634472656249996 0.5949189921875 0.474443115625 0.590856759375 0.47239379843749996 0.5338293984375
0 0.5660942390625 0.3035236046875 0.562447021875 0.3670879828125 0.5946760249999999 0.36679023593750004 0.5940126953125 0.311738734375 0.5660942390625 0.3035236046875
0 0.783474365625 0.60926985 0.75499585 0.62181276875 0.756419921875 0.6840751078125 0.7874636234375 0.680958690625 0.783474365625 0.60926985
0 0.621881103125 0.604008584375 0.5932668453125001 0.600413090625 0.5961179203125 0.6619431328125 0.622453125 0.6586647 0.621881103125 0.604008584375
0 0.5182268062500001 0.85406223125 0.48759594687499996 0.8657891624999999 0.4913933109375 0.9320359437500001 0.5224401859375 0.917820815625 0.5182268062500001 0.85406223125