0 0.5097390140625 0.09627306875 0.48243212812499997 0.0977752140625 0.4835573734375 0.15856223125 0.5097390140625 0.1542103 0.5097390140625 0.09627306875
0 0.3093623046875 0.32570922812499997 0.28564453125 0.3505005359375 0.2947299796875 0.4017457078125 0.320583984375 0.373552575 0.3093623046875 0.32570922812499997
0 0.3950341796875 0.3211062234375 0.36865234375 0.34692435625 0.38024585 0.3997060078125 0.40507006875 0.380419528125 0.3950341796875 0.3211062234375
0 0.5183918453125 0.241416309375 0.522454590625 0.29266148125 0.549446778125 0.286514484375 0.5472531734375 0.224532725 0.5183918453125 0.241416309375
0 0.312337890625 0.7726786484375 0.2864582515625 0.7993562234375 0.295861571875 0.8497419531249999 0.3205966796875 0.8288417375 0.312337890625 0.7726786484375
0 0.4505983890625 0.6790600859375 0.4207355953125 0.6723889484375001 0.42048461875000004 0.732205471875 0.44957153281249995 0.7320793984375 0.4505983890625 0.6790600859375
0 0.511833740625 0.683538090625 0.48583984375 0.6902719953124999 0.4898642578125 0.75094045 0.5149365234375 0.74455579375 0.511833740625 0.683538090625
0 0.6071218265625 0.479514484375 0.60331665 0.5350976390625 0.6317583 0.54376663125 0.6345207515625 0.48791791875 0.6071218265625 0.479514484375
0 0.6438701171875 0.3650236046875 0.615234375 0.3701716734375 0.614372803125 0.4259431328125 0.643634765625 0.42935944218750005 0.6438701171875 0.3650236046875
0 0.625 0.7725321890625 0.6248251953125 0.8299731765624999 0.6528601078125 0.8328165234375 0.6521669921875 0.78368776875 0.625 0.7725321890625
0 0.7771809078125 0.8315450640625001 0.7791042484374999 0.9022306859375 0.8083408203125 0.8927725328125 0.8039951171874999 0.8275493562499999 0.7771809078125 0.8315450640625001