0 0.2648989265625 0.29397478593750004 0.23681640625 0.325465128125 0.24854663124999998 0.388110515625 0.27837109375 0.3540633046875 0.2648989265625 0.29397478593750004
0 0.36263793906249997 0.29972371249999996 0.3312175296875 0.3165236046875 0.34307788125 0.39159602968749996 0.37405322343749997 0.354978540625 0.36263793906249997 0.29972371249999996
0 0.26439038125000003 0.7953116953125 0.234375 0.8226035406250001 0.24518969687499997 0.8859543984375 0.27556420937500004 0.8608208156250001 0.26439038125000003 0.7953116953125
0 0.4196770015625 0.6918642703125 0.3914387203125 0.6831185625 0.385357421875 0.756514484375 0.41727075156250004 0.7569828328125 0.4196770015625 0.6918642703125
0 0.4857570796875 0.6464940984374999 0.45654296875 0.6509297203125 0.461145996875 0.71223390625 0.48756591875 0.7106765015625001 0.4857570796875 0.6464940984374999
0 0.634396971875 0.1389399140625 0.6022136234375 0.13590826250000002 0.6088859859375 0.1962553640625 0.634396971875 0.1948234984375 0.634396971875 0.1389399140625
0 0.51744140625 0.271320815625 0.4817707515625 0.28433476406249997 0.48161499062499996 0.34210407656249997 0.5148728031250001 0.3440391625 0.51744140625 0.271320815625
0 0.6172687984375 0.301881975 0.5908203125 0.3183116953125 0.595061034375 0.3726582625 0.624103515625 0.36514216718750003 0.6172687984375 0.301881975
0 0.641552490625 0.512639484375 0.60791015625 0.48640933437499995 0.6030939937500001 0.5484678109375001 0.6339582515625 0.5657564374999999 0.641552490625 0.512639484375
0 0.6517473140625001 0.7957306859375 0.6168620609375 0.8065091203125 0.623388184375 0.8627280046875001 0.6507619625000001 0.8627280046875001 0.6517473140625001 0.7957306859375
0 0.8026345218750001 0.8054265015625001 0.7763671875 0.8047210296875 0.77653881875 0.86588519375 0.8028444828125 0.8618267171875 0.8026345218750001 0.8054265015625001