0 0.507736328125 0.10383851875000001 0.478515625 0.11087285468750001 0.4769326171875 0.1691518234375 0.505037353125 0.16637178125000002 0.507736328125 0.10383851875000001
0 0.30295361249999997 0.3335123390625 0.2791340328125 0.36123015 0.29213916093750003 0.412978540625 0.3179072265625 0.37880579375 0.30295361249999997 0.3335123390625
0 0.30612622031250003 0.786642703125 0.2791340328125 0.81545064375 0.2913251953125 0.865508046875 0.316162109375 0.8420928109375 0.30612622031250003 0.786642703125
0 0.3930219734375 0.3355590125 0.3646691890625 0.3551738203125 0.37441577187499997 0.410659334375 0.3995927734375 0.39506759687500004 0.3930219734375 0.3355590125
0 0.5159504390625 0.24856920625 0.5203342281250001 0.308797746875 0.549265625 0.297376609375 0.541760009375 0.2372950640625 0.5159504390625 0.24856920625
0 0.636361328125 0.3822773609375 0.6095378421875 0.379113196875 0.606807128125 0.43689645937500005 0.6373342281250001 0.44031223124999996 0.636361328125 0.3822773609375
0 0.8028156734375 0.8439860515625 0.771484375 0.8458513953125 0.772791015625 0.9125059015625 0.80238671875 0.9125059015625 0.8028156734375 0.8439860515625
0 0.6269614265625 0.559057403125 0.63039453125 0.506631975 0.6035200203125 0.4925912015625 0.6003093265625 0.5470498921875 0.6269614265625 0.559057403125
0 0.647296875 0.7838208156250001 0.6168620609375 0.7796850859375 0.6176027828125 0.8418068671875 0.6457773437500001 0.849881975 0.647296875 0.7838208156250001
0 0.5077807609375 0.6904672749999999 0.4803879390625 0.7019935625 0.48373535156249997 0.7618723171874999 0.5079777828125 0.7522816531250001 0.5077807609375 0.6904672749999999
0 0.44597314375 0.6882462453125 0.4158115234375 0.6801571890625 0.4143427734375 0.740406115625 0.44597314375 0.742843884375 0.44597314375 0.6882462453125